24      287       11     
46       84       3     
49      172      19    
61      276      6     
78       151      3     
82       250      4     
95       17       5     
99       40       4     
103       20      21    
108       265     5     
121     113     3     
128     264     4     
139     121     4     
141     216     19    
147     48       7     
151     145     20    
153     157     17    
159     149     16    
173     135     29    
187     185     17    
192     124     14    
192     153     31    
193     176     16    
197     42      11    
197     184     0     
197     195     17    
201     203     16    
209     200     31    
209     214     15    
213     164     15    
216     214     15    
218     246     16    
224     260     15    
225     90      14    
227     282     20    
231     58      12    
233     71      29    
237     226     14    
254     81      29    
258     286     28    
266     149     30    



