12       277      11    
30       96       3     
39       67       4     
64       289      5     
89       15       21    
91       233      3     
100     220     19    
109     215     3     
129     176     19    
129     279     5     
137      50      21    
145     229     3     
175     276     6     
177     286     7     
178     249     4     
179     108     7     
183      77      7     
192      256     8     
195      154     23    
195      218     19    
197      240     8     
199      18      9     
204      236     19    
205      288     25    
208      190     25    
211      116     26    
215      270     26    
219      62      26    
243      177     28    
257      261     27    
263      108     28    
287     276     22    