46      134      2           
52      84       19          
69      51       21          
72      254      28          
73      201      15          
77      147      1           
77      157      17          
78      88       20          
82      254      28          
92      217      30          
95      130      4           
102      51      23          
107      285     27          
110      162     15          
114      185     30          
115      159     14          
124      131     28          
126      229     14          
128      155     14          
131      256     27          
132      171     30          
139      274     27          
141      185     14          
148      61      12          
157      251     27          
168      97      14          
181      234     28          
184      263     27          
195      24      12          
200      45      29          
208      54      13          
220      175     29          
228      218     27          
231      264     25          
232      241     25          
251      139     29          
271      73      29          
273      246     25          
276      173     28          
279      112     30          
279      239     26          