44      286      15    
49      128      21    
56      273      14    
71      207      19    
72      179      21    
75      187      4     
79      234      16    
86      252      31    
95      48       24    
99      173      23    
105      122     8     
105      181     23    
105      213     17    
113      118     26    
114      207     11    
118      217     14    
119      133     26    
121      37      26    
123      152     26    
133      87      11    
139      266     11    
147      214     29    
148      141     28    
153      125     12    
153      173     29    
162      261     27    
166      247     29    
168      233     30    
170      267     23    
174      144     28    
174      255     30    
175      262     26    
179      98      28    
188      249     1     
203      250     17    
209      207     14    
219      247     15    
229      225     14    
233      89      12    
233      178     13    
236      63      28    
237      197     14    
238      259     15    
248      194     29    