12      291      4     
28      58       19    
36      268      5     
61      198      19    
67      284      5     
69      234      4     
76      54       4     
78      213      19    
144      279     4     
147      199     19    
166      123     6     
184      253     4     
186      141     25    
187      222     3     
188      93      25    
218      278     5     
239      118     12    
244      81      11    
247      254     5     
252      222     16    
254      266     7     
263      233     17    
276      216     14    