16      283      10    
38      120      2     
38      145      2     
49      159      18    
70      277      5     
80      135      2     
81      287      5     
82      238      4     
95      30       4     
106      256     5     
115      97      3     
127      252     4     
131      112     4     
138      204     18    
142      284     5     
144      134     19    
148      146     17    
149      128     14    
156      136     16    
163      284     5     
166      121     30    
175      51      26    
183      59      11    
184      112     14    
190      288     5     
191      29      11    
198      187     16    
204      190     0     
208      147     15    
212      210     16    
213      233     16    
213      285     5     
218      78      13    
226      45      12    
229      59      29    
232      263     28    
235      215     14    
237      39      28    
255      272     27    
257      103     14    
264      271     28    
272      196     30    
273      213     30    
273      289     27    