89      138      6           
98      107      22          
99      153      21          
122      232     18          
123      204     21          
126      212     4           
134      44      24          
135      262     16          
138      61      8           
138      278     31          
143      75      24          
153      199     24          
155      148     9           
157      208     23          
160      240     17          
165      145     26          
166      238     9           
169      67      26          
169      244     13          
171      161     26          
175      181     27          
179      129     27          
186      111     11          
187      60      11          
199      170     28          
200      46      10          
201      241     28          
204      69      27          
205      154     12          
206      201     28          
218      289     29          
225      172     28          
225      259     30          
225      276     30          
229      125     28          
230      285     30          
249      279     0           
265      275     16          
268      233     14          
282      113     13          
288      204     13          